/Users/laurenmak/Programs/msdir/ms 100 1 -s 10 -t 0.000001 
38164 64434 21969

//
prob: 1.6201e-59
segsites: 10
positions: 0.0399 0.1279 0.1575 0.2687 0.2925 0.5519 0.5543 0.6610 0.9147 0.9874 
0000000000
0011100011
0000000000
0000000000
0011100011
0000001000
0000001000
0000000000
0000000000
0011100011
0000000000
0000000000
0000000000
0000000000
0000000000
0011100011
0011100011
0011100011
0000000000
0011100011
0000000000
0000000000
0000000000
0011100011
0011100011
0000000000
0011100011
0000000100
0000000000
0011100011
0011100011
0011100011
0000000000
0011100011
0011100011
0011100011
0011100011
0011100011
0000000000
0000000000
0000000000
0000000000
0000000000
0000000000
0011100011
0100000000
0000001000
0000000000
0000010000
0000000100
0000000000
0000000000
0000000000
0000000000
0011100011
0000000000
0000000000
0011100011
1000000000
0011100011
0011100011
0000000000
0011100011
0011100011
0000000000
0011100011
0011100011
0011100011
0000000000
0011100011
0000000000
0011100011
0000000000
0000000000
0000000000
0000000000
0000000000
0000000000
0011100011
0011100011
0000000000
0011100011
0011100011
0011100011
0011100011
0000000000
0000000000
0011100011
0000000000
0011100011
0000000000
0011100011
0000000000
0011100011
0011100011
0000000000
0000000000
0000000000
0000000000
0011100011
