/Users/laurenmak/Programs/msdir/ms 100 1 -s 10 -t 0.000001 
29825 12531 21087

//
prob: 3.79766e-60
segsites: 10
positions: 0.0169 0.1845 0.2342 0.3780 0.3937 0.6453 0.8476 0.9839 0.9867 0.9921 
0000000011
1001111000
0000000011
1101011000
1011001000
1011001000
0000000011
1001111000
0000000011
1101011000
1011001000
1011001000
0000000011
1001111000
1011001000
0000000011
1011001000
1101011000
1001111000
0000000011
0000000011
1011001000
1101011000
0000000011
0000000011
1101011000
0000000011
1001111000
0000000011
1011001000
1011001000
1011001000
0000000011
1101011000
1011001000
0000000011
0000000011
1011001000
0000000111
0000000011
0000000011
0000000011
0000000011
1011001000
0000000011
0000000011
0000000011
1101011000
1011001000
1011001000
1011001000
0000000011
0000000011
1011001000
1011001000
0000000011
1011001000
1011001000
0000000011
0000000011
0000000011
0000000011
1011001000
0000000011
1011001000
0000000011
1101011000
0000000011
0000000011
0000000011
0000000011
0000000011
0000000011
1011001000
0000000011
1011001000
1001111000
0000000011
1011001000
1011001000
0000000111
0000000011
0000000011
0000000011
0000000011
0000000011
0000000011
0000000011
0000000011
0000000011
0000000011
1101011000
0000000011
0000000011
0000000011
0000000011
0000000011
1101011000
1011001000
0000000011
