/Users/laurenmak/Programs/msdir/ms 100 1 -s 10 -t 0.000001 
16261 28482 36166

//
prob: 1.22604e-61
segsites: 10
positions: 0.0292 0.0399 0.2837 0.2913 0.4355 0.5072 0.6741 0.7114 0.7301 0.7784 
1000000000
0000000100
0000000100
1000000000
1000000000
1000000000
0000000100
1000000000
0001100011
0000110001
1000000000
0000110001
0000000100
1000000000
0000000000
0010000100
0000000100
0000100001
1000001000
1000000000
0000000000
0000000000
0000000100
1000000000
0000000100
0000000100
1000001000
1000000000
0001100011
1000000000
1000000000
0000100001
0000000100
1000000000
0001100011
0000000000
0000000100
1000000000
0000000100
0100000100
1000000000
0000000100
1000000000
0000110001
0000000100
1000000000
1000001000
0000000100
0000100001
1000001000
0010000100
1000000000
1000001000
1000001000
0000100001
1000001000
1000000000
1000000000
1000000000
1000000000
0000000100
0000100001
1000000000
1000000000
1000000000
0000100001
0000000100
1000000000
1000000000
1000000000
1000001000
0001100011
1000000000
0000000000
1000000000
1000000000
0000000000
1000000000
1000001000
0000000000
1000001000
0000000100
0000000100
0000100001
1000001000
1000001000
0000000100
0000100001
0000000100
0000000100
0000000100
0010000100
0000000100
0100000100
0000000000
1000000000
0000110001
0000100001
1000001000
0000000100
