/Users/laurenmak/Programs/msdir/ms 100 1 -s 10 -t 0.000001 
30482 27883 49619

//
prob: 1.25388e-60
segsites: 10
positions: 0.0424 0.0452 0.1778 0.2030 0.2652 0.4346 0.5380 0.7265 0.7269 0.9937 
0000000001
0000000011
0000000011
0000000011
0000000011
0000100000
0100000000
0000000011
0000000011
0000110000
0000000011
0000000011
0000100000
0100000000
0000000011
0000000011
0000100000
0001100000
0000000011
0000100000
0000100000
0000110000
0000000011
0000000011
0000000011
0000000011
0000000011
0000100000
0000000011
0000000011
0000000011
0000000001
0000000011
0000000011
0000000011
0000000011
0000000011
0000110000
0000000011
0001100000
0000000011
0000000011
0000000011
0000000011
0000000011
0000000011
0000000011
0010001000
0000100000
1000110000
0001100000
0000000011
0000100000
0000100000
0000000011
0000100000
0000000011
0000000011
0000000011
0000110000
0001100000
0000000011
0000100000
0000000001
0000000011
0000100000
0000000011
0000000001
0000000011
0000000011
0000000011
0000000011
0000000011
0000000011
0000000011
0000000011
0000000011
0000000011
0000100000
0000100000
0000100000
0000000011
0100000000
0000000011
0000110000
0000100000
0000000111
0000000011
0000100000
0000000001
0000000011
0000100000
0000100000
0000000011
0000000011
0000100000
0000000011
0000110000
0000000011
0000000001
