/Users/laurenmak/Programs/msdir/ms 100 1 -s 10 -t 0.000001 
31712 57631 58272

//
prob: 1.5499e-59
segsites: 10
positions: 0.2147 0.2216 0.2896 0.3120 0.3726 0.4160 0.4973 0.5409 0.7133 0.8943 
0000001000
0000001000
0000001000
0000001000
0010001100
0000001000
0010001000
0101110000
0000001000
0000001000
0000001000
0000001000
0000001000
0000001000
0010001000
1010001000
0000001000
0000001000
0101110000
0000001000
0000001000
0101110000
0010001000
1010001000
0000001000
0000001000
0000001000
0000001000
0010001000
0010001000
0000001000
0000001000
0000001000
0010001000
0101110000
0000001000
0000001000
0000001000
0101110000
0101110010
0010001000
0101110000
0101110000
0101110000
0010001000
0000001000
0000001000
0000001000
0000001000
0000001000
0101110000
0000001000
0000001000
0000001000
0101110000
0000001000
1010001000
0101110010
0101110000
0000001000
0010001000
0101110000
0000001000
0000001000
0000001000
0000001000
0010001000
0000001000
0000001000
0101110010
0101110000
1010001000
0010001000
0000001000
0000001000
0101110000
0101110010
0101110010
0000001000
0101110000
0000001000
0101110000
0101110001
0000001000
0101110000
0010001000
0010001000
0010001000
0101110000
0000001000
0101110000
1010001000
0101110000
0101110000
0000001000
0101110000
0010001000
0010001000
0000001000
0101110000
