/Users/laurenmak/Programs/msdir/ms 100 1 -s 10 -t 0.000001 
26334 7318 42867

//
prob: 1.22403e-60
segsites: 10
positions: 0.0018 0.1442 0.2382 0.3911 0.4056 0.4791 0.6489 0.7571 0.8297 0.9960 
0000010001
0000010000
0110100010
0000010000
0000010000
0000010000
1000000000
0000001000
0000010000
0000010001
0001010000
0000010000
0000010000
0100000100
0000010000
0000010000
0100000000
0000000000
0000010000
0110100010
0000010000
0000010000
0000010000
0000010000
0100000000
0000010000
0000010000
0000010001
0001010000
0000001000
0000010000
0000010000
0000001000
0000010000
0000010000
0000010000
0000010000
0000010000
0000001000
0000010000
0100000100
0110100010
0000010000
0110100010
1000000000
0000010000
0000010000
0000001000
0110100010
0000001000
0000010000
0000010001
0000010000
0000001000
0000010000
0000010000
0000001000
0000010000
0110100010
0000000000
0000010000
0000010001
0000010000
0000010000
0000010000
0000010000
0000001000
0000010000
0000001000
0000010000
0000010000
0000010001
0000001000
0000010000
0100000100
0100000100
0000010000
0000010000
0000010001
0100000100
0110100010
1000000000
0000010000
0100000100
0000010000
0000010001
0000010001
0000010000
0100000000
0100000100
0000010000
0110100010
0000001000
0000001000
1000000000
0000010000
0000001000
0000010001
0000010000
0000010001
