/Users/laurenmak/Programs/msdir/ms 100 1 -s 10 -t 0.000001 
6907 5016 28485

//
prob: 1.16662e-60
segsites: 10
positions: 0.0444 0.0884 0.1111 0.2875 0.3375 0.3901 0.7074 0.8320 0.8862 0.9462 
0001100000
1100000010
0001100000
0001100000
0001100000
0001100000
0001100000
1000000010
0001100000
0001100000
0001100000
0001100000
0001100000
0001100000
0001001000
0010000111
0001001000
0001100000
0001100000
0010000111
0001001000
0001100000
1000000010
0001100000
1000000010
0010000111
0010000111
0001001000
0001100000
0001100000
0010000111
0001100000
0001100000
0001001000
1100000010
0001100000
0001100000
0001100000
0001100000
1000000010
0001100000
0001100000
0001100000
1000000010
0001001000
1100000010
1100000010
0010000111
1000000010
1100000010
1100000010
1100000010
1000000010
0010000111
0001100000
0001100000
0001100000
0010000111
0010000111
1000000010
0001100000
0001100000
0001100000
1000000010
0001001000
1000000010
0001100000
0001100000
1000000010
0010000111
0001001000
0001100000
0001001000
0001100000
0001100000
0001100000
0001100000
0001100000
0010000111
0001100000
0010000111
0001100000
0001001000
0001100000
0001100000
0010000111
0001001000
1000000010
0001001000
1000000010
0010000111
0001100000
1000000010
0010000111
0001100000
0001100000
0001011000
0010000111
0001001000
0010000111
