/Users/laurenmak/Programs/msdir/ms 100 1 -s 10 -t 0.000001 
9547 33610 17107

//
prob: 6.67173e-59
segsites: 10
positions: 0.0916 0.1536 0.3352 0.3395 0.4893 0.6634 0.6860 0.7560 0.7578 0.9762 
0000000100
0000000100
0000010101
0100000000
0000000100
0000000000
0100000000
0000010101
0000000100
0000010100
0000010101
0000000100
0000010101
0000000100
0000000000
1010100010
0000000000
1010100010
0000000100
0000000100
0000000000
0000010101
1010100010
0000000100
0000000100
0000000000
0000000000
0000000000
0000000100
0000010101
0000000000
0000000000
0000000100
0100000000
0000010100
1010100010
1010100010
0000000000
0100000000
0000000100
0100000000
0000000000
0000001000
0000000100
0001000000
0001000000
0000010101
0000000000
1010100010
0001000000
1010100010
0000000100
0000000100
0000000000
0000000100
0001000000
0000000000
0000000000
0001000000
0001000000
0000000100
0001000000
0000000100
0000000100
0000000100
0000000000
0100000000
0000000000
0000000100
0000000000
0000010100
0000000100
0001000000
0000000100
0000000100
0000000100
0000000100
0000000000
0000000100
0000010101
0000000100
0000010101
1010100010
0001000000
0000000000
0000000100
0001000000
0000000100
0000010101
0000000100
0000000100
0100000000
0100000000
1010100010
0100000000
0001000000
1010100010
0000010101
0000000000
1010100010
