/Users/laurenmak/Programs/msdir/ms 100 1 -s 10 -t 0.000001 
57524 48975 27265

//
prob: 1.18812e-60
segsites: 10
positions: 0.0137 0.0176 0.2177 0.3506 0.4477 0.6793 0.7750 0.7845 0.7885 0.8360 
0000100000
0000100000
0000100000
0000100000
1100000100
1101000100
0000100000
0000100000
0000000000
1100000100
1100000100
0000000000
0000110000
1100000100
0000000000
0010000000
0000000000
1100000100
0000100000
1100000100
1100000100
1100000100
0000100000
0000100000
0010000000
0000000000
1100000100
0000000000
1100000100
0000100000
0000110000
0000000000
0000100000
0000000000
0000000010
0000000000
0000100000
1100000100
0000100000
0000100000
0000100000
0000100000
0000100000
0000000010
1100000100
0000000000
0000100000
0000000000
0000100000
1100000100
0000000010
0000000010
0000000000
0000000000
1101000100
0010000000
0000110000
0000000000
0000100000
1100000100
0000100000
0000000000
1100000100
0000100000
0000100000
0000100000
0000000000
1100000100
0010000000
0000000000
0000100000
1100000100
0000000000
0000000010
0010000000
1100000100
0000100000
0000000000
0000100000
1100000100
0000100000
1100000100
0000100000
1101000100
1100000100
1101000100
1100000101
0000000000
0000000000
0000100000
0000101000
0000000000
0000100000
0000100000
0000000000
0000100000
0000000010
0000000010
0000000010
0000100000
