/Users/laurenmak/Programs/msdir/ms 100 1 -s 10 -t 0.000001 
50602 23385 24161

//
prob: 1.83987e-61
segsites: 10
positions: 0.0810 0.2386 0.4083 0.6822 0.6903 0.7090 0.7099 0.7379 0.7497 0.9452 
0000001000
0000000010
0000000010
0000000000
0001000100
1010000000
0000000000
0000000000
0000000000
0000100000
0000000000
0001000100
0001000100
0000001000
0000000000
0000100000
0000010000
0000000000
1010000000
0000000000
0000100000
0000000000
0000000000
0000000010
0000000000
0000010000
0000000000
0000001000
0000000000
0000000000
0000000000
0000000000
0000100000
0000000000
0001000100
0000000000
0000000000
0000100000
0000000000
0000000000
0000001000
0000000000
0000000000
0000010000
0001000100
0000000000
0000000000
0000000000
0000000000
0000000000
0000010000
0000100000
0000100000
0100000000
0001000100
0000001000
0000100000
0000000000
0000001000
0000000000
0000000000
0000010000
0000000000
0000000000
0000000000
0000000000
0000000000
0000000000
0000000000
0000000000
0001000100
0000000000
0000000000
0000000000
0000000000
0000010000
0000000000
0000000000
0000000000
0000100000
0000000000
0000000000
0000001000
0000000000
0000100000
0001000100
0000001000
0000000010
0000000001
0000010000
0000000000
0000000000
0000000000
0000000000
0000000000
0000001000
0000000000
0000000000
0000100000
0000001000
