/Users/laurenmak/Programs/msdir/ms 100 1 -s 20 -t 0.000001 
13213 44309 55896

//
prob: 4.18279e-124
segsites: 20
positions: 0.0117 0.0228 0.0961 0.1767 0.2222 0.2423 0.2515 0.4797 0.4939 0.5024 0.6186 0.6267 0.6577 0.6886 0.7010 0.7144 0.7618 0.8475 0.8877 0.9061 
00010000100010100000
10010000100010100000
10010000100010100000
00010000100010100000
00010000100010100000
00010100100010100000
00010100100010100000
00010000100010100000
10010000100010100000
00101000000100000110
00010000100010100000
00010000100010100000
00010000100010100000
00100000000100000110
00010000100010100000
10010000100010100000
00010000100010100000
10010000100010100000
00010000100010100000
10010000100010100000
10010000100010100000
10010000100010100000
00010000100010100000
00010000100010100000
00010000100010100000
00010000100010100000
10010000100010100000
00010000100010100000
00010001100010100000
00010000100010100000
00100000000100001110
00100000000100000110
00010000100010100000
00010000100010100000
00010000100010100000
10010000100010100000
10010000100010100000
10010000100010100000
00010000100010100000
10010000100010100000
00100000000100000110
00010000100010100000
01100000010100000111
00010000100010100000
10010000100010100000
00010000100010100000
10010000100010100000
00010000100010100000
10010000100010100000
00010000100010100000
00010000100010100000
00101000000100000110
00100000000100000110
10010000100010100000
10010000100010100000
10010000100010100000
10010000100010110000
00010000100010100000
00010000100010100000
10010000100010100000
10010000100010100000
00010000100010100000
00010000100010100000
00100000000100000110
00010000100010100000
10010000100010100000
00010000100010100000
10010000100010100000
00100000000101000110
00101000000100000110
10010000100010100000
10010000100010100000
10010000100010100000
00010000100010100000
10010000100010100000
00010000100010100000
10010000100010100000
10010000100010100000
00010000100010100000
00100000000100000110
10010000100010100000
00010000100010100000
00010000100010100000
00010000100010100000
10010000100010100000
10010000100010100000
00010000101010100000
00010000100010100000
01100000010100000111
00101000000100000110
00010000101010100000
00010010100010100000
00100000000100000110
00010000100010100000
00010000100010100000
10010000100010100000
00010000100010100000
00010100100010100000
10010000100010100000
10010000100010100000
