/Users/laurenmak/Programs/msdir/ms 100 1 -s 20 -t 0.000001 
50132 2176 29824

//
prob: 7.5953e-122
segsites: 20
positions: 0.0077 0.1878 0.3140 0.3854 0.3950 0.3967 0.4195 0.4201 0.4246 0.4982 0.5684 0.5839 0.6124 0.6438 0.6465 0.6497 0.7139 0.7208 0.7551 0.8676 
10001001100110000000
10001001100110000000
00000100000000000000
00000000000001000010
00000000000001000010
00000100000000000000
10001011100110000000
00000100000000000000
00000000001000100100
10001001100110000000
00000000000001000010
10001001100110000000
10001001100110000000
00000100000000000000
00000000000001000010
00000000000001000010
10001011100110000000
00000100000000000000
10001001100110000000
10001001100110000000
00000100000000000000
11001001100110001000
00000100000000000000
10001001100110000000
00000100000000000000
10001001100110010000
10001011100110000000
00000000000001000010
00000000001000100100
10001011100110000000
00000000000001000010
00000100000000000000
00000000000001000010
00000000000001000010
10001001100110000000
00000100000000000000
00000000000001000010
11001001100110001000
00000000000001000010
00000000000001000010
00000000001000100100
00000100000000000000
10001001100110000000
00000100000000000000
10001011100110000000
10001001100110000000
10001001100110000000
00000000001000100100
00000000001000100100
10001001100110000000
00000000000001000010
10001001100110000000
00000000000001000010
00000000000001000010
10001011100110000000
10001001100110010000
10001001100110000000
00000100000000000000
00000000000001000010
00000000001000100100
00000000001000100100
10001011100110000000
11001001100110001000
00010000000001000010
00000000010001000010
10001011100110000000
00000000000001000010
11001001100110001000
10001001100110000000
00000000000001000010
00000100000000000000
00000100000000000000
00000100000000000001
00000100000000000000
00000000000001000010
00000000010001000010
11001001100110001000
10001001100110000000
00000000000001000010
00000000000001000010
00000000000001000010
10001011100110000000
00000000000001000010
00000000001000100100
00000000000001000010
00000100000000000000
00000000000001000010
00000000001000100100
00000100000000000000
10001001100110000000
10001001100110000000
00000000000001000010
00000000000001000010
10001001100110000000
00000000000001000010
00000000001000100100
00000100000000000000
11001001100110001000
00000100000000000000
10101001100110000000
