/Users/laurenmak/Programs/msdir/ms 100 1 -s 20 -t 0.000001 
46867 61952 50561

//
prob: 1.82312e-126
segsites: 20
positions: 0.0050 0.0090 0.0559 0.0996 0.1841 0.1996 0.2200 0.2439 0.2803 0.3035 0.3200 0.4350 0.4408 0.5089 0.5383 0.6469 0.8080 0.8573 0.8594 0.9697 
00010100000000000001
00000000000001000000
00010100100000000001
10000000000001000000
00000000000001000000
00010100000000000001
00000001000000000000
00000000000010000010
00000000000000000000
01000000000000000000
00010100000000000001
00000000000000000000
00010100000000000001
00010100000000000001
00000000000000000000
00010100000000000001
00000000000000000000
00010100000000000001
00010100000000010001
00000000000001100000
00010100100000000001
00100000001000001000
00010100000000000001
00010100000000000001
00010100000000000001
00000000000000000000
00000010000100000010
00010100110000000001
00000010000100000010
00000000000001000000
00000000000001000000
00000000000010000010
00010100000000000101
00000000000000000000
01000000000000000000
00010100000000000001
00000000000000000000
00010100000000000001
00000000000001000000
00000000000000000000
00000000000000000000
00010100000000000001
00000010000100000010
00010100000000000101
00000000000010000010
00000000000000000000
00010100000000000001
00000000000001000000
00010100000000000001
00100000001000001000
00000000000001000000
00000000000000000000
01000000000000000000
00000010000100000010
00000000000000000000
00010100000000000001
00010100000000000001
00000000000000000000
00010100000000000001
00010100000000000001
00000000000000000010
00010100000000000001
00100000001000001000
00010100100000000001
00010100000000000001
01000000000000000000
00010100000000000001
00000000000001000000
00001000000001000000
00000000000000000000
00100000001000001000
00010100000000000001
00010100100000000001
00000000000000000010
00000000000000000000
00000000000000000000
00000000000000000000
10000000000001000000
00000000000000000000
00001000000001000000
00010100000000000001
00010100000000000001
00010100000000000101
00000000000000000010
00100000001000001000
00000000000001000000
00010100000000000101
01000000000000000000
00000000000010000010
00010100000000000001
00010100000000000001
00010100000000000001
00010100100000000001
00010100000000000001
00010100000000000001
00000000000000000010
00010100000000000001
00000000000000000000
00000000000000000000
00000000000000000000
