/Users/laurenmak/Programs/msdir/ms 1000 1 -s 20 
56001 56426 30349

//
segsites: 20
positions: 0.0313 0.1030 0.1404 0.2295 0.2312 0.3540 0.3952 0.4315 0.6257 0.7106 0.7251 0.7446 0.7820 0.8639 0.8672 0.8761 0.9181 0.9194 0.9859 0.9918 
10000000000000101111
00100100000000000000
00100100000000000000
00100100000000000000
10000000000000101111
00100100000000000000
00100100000000000000
10000000000000101111
00100100000000000000
00100100000000000000
00100100000000010000
10000000000000101111
00100000000000000000
00100100000000000000
00100100000000010000
00100000000000000000
00100100000000000000
00100100000000000000
00100100000000000000
10000000000100101111
00100100000000000000
00100000000000000000
01100100000000000000
00100100000000000000
00100100000000000000
10000000000000101111
10000000000000101111
00100100000000000000
00100100000000000000
00100100000000000000
10000000000000101111
00100100000000000000
00100100000000000000
00100100000000010000
00100100000000000000
00100100000000000000
10000000000000101111
00100100000000000000
00100100000000000000
00100100000000000000
00100100000000000000
00100100000000000000
00100100000000000000
10010000000000101111
00100100000000000000
00100100000000000000
00100100000000000000
00100100000000010000
00100100000000000000
00100000000000000000
00100000000000000000
00100100000000000000
00100100000000000000
00100100000000000000
00100100000000000000
00100000000000000000
10000000000000101111
00100000000000000000
00100100000000000000
00100100000000000000
00100100000000000000
00100100000000000000
10000000000000101111
00100100000000000000
00100100000000010000
00100100000000000000
00100100001000000000
00100100000000000000
00100100000000000000
00100100000000000000
10000000000000101111
00100100000000000000
10000000000000101111
00100100000000000000
10000000000000101111
00100100000000000000
00100100000000000000
00100100000000000000
10000000000000101111
00100100000000000000
00100100000000000000
00100100000000000000
00100100000000000000
00100100000000000000
10000000000000101111
00100100000000000000
00100100000000000000
10000000000000101111
10000000000000101111
00100100000000000000
10000000000000101111
00100100000000000000
00100000000000000000
00100100000000000000
00100100000000000000
00100100000000000000
00100100000000000000
00100100000000000000
00100100000000010000
10000000000000101111
00100100000000000000
00100100000000000000
00100100000000000000
00100100000000000000
00100100000000000000
10000000000000101111
00100100000000000000
10000000000000101111
10000000000000101111
00100100000000000000
00100100000000000000
00100000000000000000
00100100000000000000
00100100000000000000
00100100000000000000
10000000000000101111
10000000000000101111
00100100000000000000
00100100000000000000
00100100000000000000
00100100000000000000
10000000000000101111
00100100000000000000
00100000000000000000
00100100000000000000
00100100000000000000
00100100000000000000
00100100000000000000
00100100000000000000
00100100000000010000
00100100000000000000
00100100000000000000
00100100000000000000
00100100000000000000
10000000010100101111
10000000000000101111
00100100000000000000
00100100000000000000
00100100000000000000
10000000000000101111
00100100000000000000
10000000000000101111
00100100000000000000
00100100000000000000
10000000000000101111
00100100000000000000
10000000000100101111
00100100000000000000
00100100000000000000
00100100000000000000
00100100000000000000
10000000000100101111
00100000000000000000
10000000000000101111
00100000000000000000
00100100000000000000
10000000000000101111
00100000000000000000
00100100000000000000
10000000000000101111
00100100000000000000
10000000000100101111
10000000000000101111
00100100000000000000
00100100000000000000
00100000000000000000
10000000000100101111
10000000000000101111
00100100000000000000
00100100000000000000
10000000000000101111
00100100000000000000
00100100000000000000
00100100000000000000
10000000000000101111
10000000000100101111
10000000000100101111
00100100000000000000
00100100000000000000
10000000000000101111
10000000000100101111
00100100000000000000
10000000000100101111
00100100000000000000
10000000000000101111
00100100000000000000
00100100000000010000
00100100000000000000
00100100000000000000
00100100000000000000
00100000000000000000
00100100000000000000
00100100000000000000
10000000000000101111
00100000000000000000
00100100000000000000
00100100000000000000
00100100000000000000
00100100000000000000
00100100000000000000
10000000000000101111
10000000000000101111
00100000000000000000
00100100000000000000
10000000000000101111
00100100000000000000
00100100000000000000
00100100000000010000
00100100000000000000
00100100000000000000
10000000000000101111
00100100000000000000
00100100000000000000
10000000000000101111
00100100000000000000
00100100000000000000
00100100000000000000
00100100000000000000
10000000000000101111
00100100000000010000
00100100000000000000
10000000000100101111
00100100000000000000
10000000000100101111
00100100000000000000
00100100000000000000
00100100000000010000
00100000000000000000
00100100000000000000
00100100000000000000
00100100000000000000
10000000000000101111
00100000000000000000
00100100000000000000
10000000000000101111
00100100000000000000
00100100000000000000
00100100000000000000
00100100000000000000
00100100000000000000
00100100000000000000
10000000000000101111
00100100000000000000
00100100000000000000
00100100000000000000
01100100000000000000
10000000000000101111
00100100000000000000
00100100000000000000
00100100000000010000
00100100000000010000
10000000000000101111
00100100000000000000
00100100000000000000
10000000000000101111
00100100000000000000
00100000000000000000
00100100000000000000
10000000000000101111
10000000000000101111
00100100000000000000
00100100000000010000
10000000000000101111
00100100000000000000
00100100000000000000
10000000000000101111
10000000000000101111
00100100000000000000
00100100000000000000
00100100000000000000
00100100000000000000
00100100000000000000
00100100000000000000
00100100000000000000
10000000000100101111
00100100000000000000
10000000000000101111
00100100000000000000
00100100000000000000
00100100000000000000
10000000000000101111
10000000000000101111
00100000000000000000
00100100000000000000
00100100000000000000
00100100000000000000
00100100000000000000
00100100000000000000
00100100000000000000
00100100000000000000
00100100000000010000
00100100000000000000
00100100000000000000
00101100000000000000
00100100000000000000
10000000000000101111
00100100000000000000
00100000000000000000
00100100000000000000
00100100000000000000
00100100000000000000
00100100000000000000
00100100000000000000
00100100000000000000
00100100000000000000
00100100000000000000
00100000000000000000
00100000000000000000
10000000000000101111
00100100000000000000
00100000000000000000
10000000000000101111
10000000000100101111
00100000000000000000
10000000000000101111
00100100000000000000
10000000000000101111
00100000000000000000
00100000000000000000
00100100000000000000
00100100000000000000
00100100000000000000
00100100000000000000
10000000000000101111
00100100000000000000
00100000000000000000
00100100000000000000
00100100000000000000
10000000000000101111
00100100000000000000
00100100000000000000
00100100000000000000
00100100000000010000
00100100000000000000
10000000000000101111
10000000000000101111
00100100000000000000
00100100000000010000
10000000000000101111
00100100000000000000
00100100000000000000
00100100000000000000
00100100000000000000
00100100000000000000
10000000000100101111
10000000000000101111
10000000000100101111
10000000000000101111
00100100000000000000
00100100000000000000
00100100000000000000
10000000000000101111
00100000000000000000
00100000000000000000
00100100000000000000
10010000000000101111
00100100000000000000
10000000000000101111
00100100000000000000
00100100000000000000
00100000000000000000
00100100000000000000
00100100000000000000
00100100000000000000
00100100000000000000
00100100000000000000
10000000000000101111
00100100000000000000
00101100000001000000
10000000000000101111
10000000000000101111
10000000000000101111
00100100000000000000
00100000000000000000
10000000000000101111
10000000000000101111
00100100000000000000
00100100000000000000
00100100000000000000
00100100000000000000
00100100000000000000
00100100000000000000
00100100000000010000
00100100000000000000
00100100000000000000
10000000000100101111
10000000000000101111
00100100000000000000
00100100000000010000
00100100000000000000
00100100000000000000
10000000000000101111
00100000000000000000
00100100000000000000
00100100000000000000
00100100000000010000
00100100000000000000
00100100000000000000
00100100000000000000
10000000000000101111
00100110000000000000
00100000000000000000
00100100000000000000
00100100000000000000
10000000000000101111
00100100000000000000
00100100000000000000
10000000000000101111
00100100000000000000
10000000000000101111
00100100000000000000
00100100000000000000
00100100000000000000
00100100000000000000
10000000000000101111
10000000000000101111
10000000000000101111
00100100000000010000
00100100000000000000
00100000000000000000
00100100000000000000
10000000000000101111
00100000000000000000
00100000000000000000
00100100000000000000
00100000000000000000
00100100000000000000
10000000000100101111
00100100000000000000
00100100000000000000
10000000000000101111
00100100000000000000
00100100000000000000
00100100000000000000
10000000000000101111
10000000000000101111
00100100000000000000
00100100000000000000
00100100000000000000
10000000000000101111
00100100000000000000
10000000000000101111
10000000000000101111
00100100000000000000
00100100000000000000
00100100000000000000
00100110000000000000
10000000000000101111
00100100000000000000
00100100000000000000
00100100000000000000
00100100000000010000
00100100000000010000
00100100000000000000
00100000000000000000
00100100000000000000
10000000000000101111
00100100000000000000
00100100000000000000
10000000000000101111
00100100000000000000
10000000000000101111
00100100000000000000
10000000000000101111
00100100000000000000
00100100000000000000
00100100000000000000
00100100000000000000
00100100000000000000
00100000000000000000
00100100000000010000
00100100000000000000
10000000000000101111
00100000000000000000
00100101000000000000
00100100000000000000
00100100000000000000
10000000000000101111
00100100000000000000
00100100000000000000
10000000000000101111
00100100000000000000
00100100000000000000
10000000000100101111
00100100000000000000
00100100000000000000
10000000000000101111
00100100000000010000
00100100000000000000
00100100000000000000
00100100000000000000
00100100000000000000
00100100000000000000
00100100000000000000
00100100000000000000
00100100000000000000
00100100000000000000
00100100000000000000
00100100000000000000
00100100000000000000
00100100000000000000
00100100000000000000
10000000000000101111
10000000000000101111
00100000000000000000
00100000000000000000
00100100000000000000
00100100000000000000
00100100000000000000
00100100000000000000
00100100000000000000
00100000000000000000
00100100000000000000
00100100000000000000
00100100000000000000
00100100000000000000
00100100000000000000
00100100000000010000
10000000000000101111
10000000000000101111
10000000000000101111
00100100000000000000
00100100000000000000
00100000000000000000
00100100000000000000
00100100000000010000
00100100000000000000
00100100000000000000
00100100000000000000
00100100000000000000
10000000000000101111
10000000000000101111
10000000000000101111
00100100000000000000
00100100000000000000
00100100000000000000
10000000000000101111
10000000000000101111
00100100000000000000
00100100000000000000
00100100000000000000
10000000000000101111
00100100000000000000
10000000000000101111
00100100000000000000
10000000000000101111
10000000000000101111
00100100000000010000
00100100000000010000
00100100000000000000
00100100000000000000
00100100000000000000
00100100000000000000
00100100000000000000
10000000000000101111
10000000000000101111
00100000000000000000
00100100000000000000
10000000000000101111
00100100000000000000
10000000000000101111
00100000000000000000
00100100000000000000
00100000000000000000
00100000000000000000
00100100000000000000
00100100000000000000
00100000000000000000
10000000000000101111
00100100000000000000
00100100000000000000
10000000000000101111
00100100000000000000
10000000000000101111
00100100000000000000
00100100000000000000
10000000000000101111
00100100000000000000
00100000000000000000
00100100000000000000
01100100000000000000
00100000000000000000
00100100000000000000
10000000000000101111
00100100000000000000
00100100000000000000
00100100000000000000
00100100000000000000
00100100000000000000
10000000000000101111
00100100000000000000
00100100000000000000
00100100000000000000
00100100000000000000
00100100000000000000
00100100000000000000
00100100000000010000
00100100000000000000
00100000000000000000
00100100000000000000
00100100000000000000
00100100000000000000
00100100000000000000
00100100000000000000
00100000000000000000
10000000000000101111
00100100000000000000
10000000000000101111
10000000000100101111
10000000000000101111
00100100000000000000
00100100000000000000
10000000000000101111
00100000000000000000
00100100000000000000
00100100000000000000
00100100000000000000
00100100000000000000
00100110000000000000
00100100000000000000
10000000000000101111
00100100000000000000
00100100000000000000
00100100000000000000
00100100000000000000
00100100000000010000
00100100000000000000
10000000000000101111
00100100000000010000
00100000000000000000
00100100000000000000
00100100000000000000
10000000000000101111
00100100000000000000
00100000000000000000
00100100000000000000
00100100000000000000
00100100000000000000
00100100000000000000
00100100000000000000
10000000000100101111
10000000000000101111
00100100000000010000
00100100000000000000
00100000000000000000
00100100000000000000
10000000000000101111
00100100000000000000
00100100000000000000
00100100000000000000
00100110000000000000
10000000000000101111
00100100000000000000
00100100000000000000
00100100000000010000
00100100000000000000
00100100000000000000
00100000000000000000
00100000000000000000
00100100000000000000
10000000000000101111
00100100000000000000
00100100000000010000
10000000000000101111
00100100000000000000
01100100000000000000
00100100000000010000
00100100000000000000
00100100000000000000
00100100000000000000
00100100000000000000
00100100000000000000
00100100000000000000
00100100000000000000
00100000000000000000
00100000000000000000
00100100000000000000
10000000000000101111
00100100000000000000
00100000000000000000
00100100000000000000
10000000000000101111
00100100000000000000
00100100000000000000
10000000000000101111
00100100000000000000
00100100000000000000
10000000000000101111
10000000000000101111
00100100000000000000
00100100000000000000
00100100000000000000
00100100000000000000
00100100000000000000
00100100000000000000
00100100000000000000
00100000000000000000
00100100000000000000
00100000000000000000
00100000000000000000
00100100000000000000
00100100000000000000
10000000000000101111
00100100000000000000
00100100000000000000
00100100000000000000
00100100000000000000
10000000000000101111
00100100000000000000
00100100000000000000
10000000000000101111
00100100000000000000
00100100000000000000
00100100000000000000
00100100000000000000
00100100000000000000
10000000000000101111
00100100000000000000
00100000000000000000
00100100000000000000
00100100000000000000
00100100000000000000
00100100000000010000
00100100000000000000
00100100000000000000
00100100000000000000
00100100000000000000
00100100000000010000
00100100000000000000
00100100000000000000
00100100000000000000
10000000000000101111
10000000000000101111
00100100000000000000
00100100000000000000
00100100000000000000
00100100000000000000
00100100000000010000
00100100000000000000
00100100000000000000
00100100000000000000
00100100000000000000
10000000000000101111
00100100000000000000
00100000000000000000
00100000000000000000
10000000000000101111
00100100000000000000
00100100000000000000
00100100000000000000
00100100000000000000
00100100000000000000
00100100000000000000
10000000000000101111
10000000000000101111
00100000000000000000
00100100000000000000
00100100000000000000
00100100000000000000
10000000000000101111
00100100000000000000
10000000000000101111
10000000000000101111
00100100000000000000
00100100000000000000
00100100000000000000
00100100000000000000
10000000000100101111
00100100000000010000
00100100000000000000
00100100000000000000
00100100000000000000
00100100000000000000
10000000000000101111
10000000000000101111
10000000000000101111
00100000000000000000
10000000000000101111
00100100000000000000
00100100000000000000
10000000000000101111
00100100000000000000
00100100000000000000
10000000000000101111
00100100000000000000
10000000000000101111
00100100000000000000
00100100001000000000
00100100000000000000
10000000000000101111
00100100000000010000
00100100000000000000
00100100000000000000
00100100000000000000
00100100000000000000
00100110000000000000
00100100001000000000
00100100000000000000
00100100000000000000
00100100000000000000
00100100000000000000
00100100000000000000
10000000000000101111
10000000000000101111
00100000000000000000
00100100000000000000
00100100000000000000
00100100000000000000
10000000000000101111
10000000000000101111
00100100000000000000
00100100000000010000
00100100000000000000
00100100000000000000
10000000000000101111
00100100000000000000
00100000000000000000
00100100000000000000
10000000000000101111
00100100000000000000
00100100000000000000
10000000000000101111
10000000000000101111
00100100000000000000
00100100000000000000
00100100000000000000
00100100000000010000
10000000000100101111
10000000000000101111
00100100000000000000
10000000000000101111
10000000000000101111
00100100000000000000
00100100000000000000
00100000000000000000
00100100000000000000
10000000000100101111
00100100000000000000
10000000000000101111
10000000000000101111
10000000000000101111
00100100000000000000
00100100000000000000
00100100000000000000
10000000000000101111
00100100000000000000
00100100000000000000
00100100000000000000
10000000000000101111
00100100000000000000
00100100000000000000
00100100000000000000
10000000000000101111
10000000010100101111
00100100000000000000
00100100000000000000
00100100000000000000
00100100000000000000
00100100000000000000
10000000000100101111
00100100000000000000
10000000000000101111
00100100000000000000
00100100000000010000
10000000000000101111
10000000000000101111
10000000000000101111
00100100000000000000
00100100000000000000
10000000000000101111
00100100000000000000
00100100000000000000
10000000000000101111
00100100000000000000
10000000000000101111
00100100000000000000
10000000000000101111
00100100000000000000
10000000000000101111
00100100000000000000
00100100000000000000
10000000000000101111
00100100000000000000
10000000000000101111
00100100000000000000
00100000000000000000
00100100000000000000
00100100000000000000
10000000000000101111
10000000000000101111
00100100000000000000
00100100000000000000
00100100000000000000
00100000000000000000
10000000000000101111
10000000000000101111
00100100000000000000
10000000000000101111
00100000000000000000
00100100000000000000
00100100000000000000
00100000000000000000
10000000000000101111
00100100000000000000
00100100000000000000
10000000000000101111
10000000000000101111
00100100000000000000
00100000000010000000
00100100000000000000
00100100000000000000
00100100000000000000
10000000000000101111
10000000000000101111
00100100000000000000
00100000000000000000
00100100000000000000
00100100000000000000
00100100000000000000
00100000000000000000
00100100000000000000
00100100000000000000
00100000000000000000
00100100000000000000
00100100000000000000
00100100000000000000
10000000000000101111
00100100000000000000
00100100000000000000
00100100000000000000
00100100000000000000
00100100000000000000
00100100000000000000
00100100000000000000
10000000000000101111
00100100000000000000
00100100000000000000
00100100000000000000
00100100000000000000
10000000000000101111
00100100000000000000
00100100000000000000
00100100000000010000
10000000000000101111
00100100000000000000
00100000000000000000
00100100000000000000
00100100000000000000
10000000000000101111
00100100000000010000
00100000000000000000
10000000000100101111
10000000000000101111
00100100000000010000
00100100000000000000
00100100000000000000
10000000000000101111
00100000000000000000
00100100000000000000
00100100000000000000
00100000000000000000
00100100000000000000
00100100000000000000
00100100000000000000
10000000000000101111
10000000000000101111
00100100000000000000
00101100000001000000
00100100000000000000
00100100000000000000
00100100000000000000
10000000000000101111
00100100000000000000
10000000000000101111
10000000000000101111
00100100000000000000
00100100000000000000
00100100000000000000
00100100000000000000
00100100000000000000
00100100000000000000
10000000000000101111
00100100000000000000
00100100000000000000
10000000000000101111
00100100000000000000
10000000000100101111
00100100000000000000
10000000100000101111
00100100000000000000
10000000000000101111
01100100000000000000
00100100000000000000
10000000000000101111
10000000000000101111
00100100000000000000
10000000000000101111
00100100000000000000
10000000000000101111
00100100000000000000
