/Users/laurenmak/Programs/msdir/ms 1000 1 -s 20 
3579 27011 59243

//
segsites: 20
positions: 0.0038 0.1365 0.1730 0.1872 0.2630 0.2803 0.2860 0.3022 0.4109 0.4898 0.5476 0.6480 0.6879 0.7126 0.8536 0.8693 0.8694 0.9297 0.9385 0.9575 
00000000000000000000
00000000010000100000
00000000000000000000
00000000000000000000
10000000000100000000
00000000010000100000
00000000010000100000
00000001010000100000
00000001010000100000
00000000000000000000
00000000010000100000
00000000010000100000
00000000000010100000
00000000010000100000
00000000010000100000
10000000000100000000
00000000000000000000
00000000000000000000
01000000010000100000
00000000000010100000
00000000000000000000
00000000000001010000
00000000000001000000
00000000000000000000
00000000010000100000
00000000000000000000
00000000010000100000
00000000000000000000
00000000010000100000
00000000000000000000
00000000000001000000
00000000000001010000
00000000010000100000
00000001010000100000
00000000000001000000
00000000010000100000
00000000000000100000
00000000010000100000
00000000000000000000
00000000000010100000
00000000010000100000
00000000000000000000
00000001010000100000
00000000000000000000
00000000010000100000
00000000000001000000
00000001010000100000
00000000010000100000
00000000000010100000
00000000000001000000
00000001010000100000
00000000000000000000
00000000000000000000
00000000000000000000
00000001010000100000
10000000000100001000
00000000000000100000
00000000010000100000
00000000000000000000
00000000010000100000
00000001010000100000
00000001010000100000
00000000000001000000
00000000000000000000
00000001010000100000
00000000000001000000
00000000000000000000
00000000010000100000
00000000010000100000
00000000000000000000
00000001010000100000
00000001010000100000
00000000000000100000
00000000000000000000
00000000000001000000
00000000000000000000
00000000000000000000
00000000000001010000
00000000000000000000
00000000000001000000
00000000000000000000
00000000010000100000
10000000000100000000
00000000000000000000
00000000000001000000
10000000000100001000
00000000000000100000
00000000000000000000
00000000000000000000
00000000000000000000
00000000000100000000
00000000000001000000
00000001010000100000
00000000000000000000
00000000000000000000
00000000000000000000
00000001010000100000
00000001010000100000
00000000000000000000
00000000010000100000
00000000000000000000
00000000010000100000
00000001010000100000
00000000000000000000
00000000000000000000
00000000000001010000
00000000000000000000
00000000000000100000
00000000000000000000
00001010000000000010
00000000010000100000
00000000000000000000
00000000000000000000
00000000000000000000
00000000000000000000
00000000000000000000
00000000000000000000
00000000000001000000
00000001010000100000
00000000000001000000
00000000000000000000
00000000000001000000
00000000000000100000
00000000000000000000
00000000000000000000
00000000000100000000
00000000000001000000
00000000000001000000
00000000000000000000
00000000010000100000
00000000000001000000
00000000010000100000
10000000000100001000
00000000000000000000
00000000000100000000
00000000000000000000
00000000000000000000
00000000010000100000
00000000000000000000
00000000000000000000
00000000010000100000
00000000010000100000
10000000000100001000
00000000000000000000
00000000010000100000
00000000000000000000
00000000000000000000
00000000000000000000
00000000000000000000
00000000000100000000
00000000000000000000
10000000000100000000
10000000000100001000
00000000000000000000
00000000000000000000
00000000001000000000
00000001010000100000
00000000000000000000
00000000000000000000
00000000000000000000
00000000000001010000
00000000000000100000
00000000010000100000
00000000000000000000
00000000010000100000
00000000000000000000
00000000000000000000
00000000010000100000
00000000000000000000
00000000000000000000
00000000010000100000
00000000010000100000
00000000000000000000
00000000010000100000
00000000000000000000
00000000000001000000
00000000010000100000
00000001010000100000
00000000000000100000
00000001010000100000
00000000000000100000
00000000000000000000
00000000000000000000
00000000010000100000
00000000000000000000
00000001010000100000
00000000000000000000
00000000000000000000
00000000000000000000
00000000000000100000
00000000000001000000
00000000000001000000
00000000000000000000
00000000000001000000
00000000000000000000
00000000000001000000
00000000000000000000
00000000000001000000
00000000000000100000
00000000000000000001
00000000000000100000
00000001010000100000
00000001010000100000
00000000000000000000
00000000010000100000
00000000000000000000
00000000010000100000
00000001010000100000
00000000000000100000
00000000000000100000
00000000010000100000
00000000000000000000
00000000000001000000
00000000000001000000
10000000000100001000
00000000000001000000
00000000010000100000
00000000000000000000
00000000000000000000
00000000000000100000
00000000000000000000
00000000000001010000
00000000000100000000
00000000010000100000
00000000010000100000
00000000000000000000
00000001010000100000
00000000000000000000
00000000000001010000
00000000010000100000
00000001010000100000
00000000010000100000
00000000000000000000
00000000000000000000
00000000010000100000
00000001010000100000
00000000000000000000
00000000000000000000
00000000000001000000
00000000000000000000
00000000010000100000
00000000000000000000
00000000000001000000
00000000010000100000
00000000010000100000
00000000000000000000
00000000000000000000
00000001010000100000
00000000000000000000
00000000000000000000
00000000000001000000
00000000000000000000
00000000000001010000
00000000000001000000
00000000010000100000
00000000000010100000
00000000000001000000
00000001010000100000
00000000000000000000
00000000000000000000
00000000000000100000
00000000000001000000
00000000000000000000
00000000000001010000
00000000000000100000
10000000000100000000
00000000000001010000
00000001010000100000
00000000000000000000
10000000000100000000
00000000000000000000
00000000000000000000
00000000000001000000
00000000000000000000
00000000000100000000
00000000000000000000
00000000010000100000
00000000100000000000
00000000000000000000
00000000000001000000
00000000000000000000
00000000000001000000
00000000010000100000
00000001010000100000
00000001010000100000
00000000000000100000
00000000000000000000
00001010000000000010
00000000000001000000
00000000000010100000
00000000010000100000
00000001010000100000
00000000010000100000
00000000010000100000
00000000000001000000
00000000000000000000
00000001010000100000
00000000000000000000
00000000000000000000
00000000000000000000
00000000000000000000
00000000010000100000
00000000010000100000
00000000000000000000
00000000000000000000
00000000000001010000
00000001010000100000
00000000000000000000
00000000000000100000
00000000000000100000
00000001010000100000
00000000000000000000
00000001010000100000
00000000000000000000
00000001010000100000
00000000000001000000
00000000000010100000
00000000000000000000
00000000000000000000
00000000000000000000
00000000000000000000
00000000000000000000
00000000000000000000
00000000000000000000
00000000000000000000
00000000000000000000
00000000000000000000
00000000000001000000
00010000010000100100
10000000000100000000
00000000000000000000
00000000010000100000
00000000000000000000
10000000000100000000
00000000000000000000
00000000000001000000
00000000000000100000
00000000000000100000
00000000000000000000
00000001010000100000
00000000000001000000
00000000000000000000
00000000000000000000
00000000010000100000
00000001010000100000
00000000000001000000
00000000010000100000
10000000000100001000
00000000000001000000
00000000000000000000
00000000000000000000
00000000000000000000
00000000000000000000
00000000000000000000
00000000000100000000
00000000000000000000
00000000000000100000
10000000000100001000
00000000000000000000
00000001010000100000
00000000000010100000
00000000000000000000
00000000010000100000
00000000010000100000
00000000000100000000
00000000000000000000
00000000000000100000
00000000000100000000
00000001010000100000
00000000000001000000
00000000000000000000
00000000000000000000
00000000010000100000
00001010000000000010
00000000000000000000
10000000000100000000
00000000000000000000
00000001010000100000
00000000000000000000
00000000000001010000
00000000000000000000
00000000010000100000
00000000000000000000
00000000000000000000
00000000000000000000
00000000010000100000
00000000000000000000
00000001010000100000
00000001010000100000
00000000000001000000
00000000000000000000
00000000000000000000
00000000000100000000
00000000000000000000
00000000000001000000
00000000000000000000
00000000000000000000
00000000000000000000
00000000000000000000
00000000000000000000
00000000000000000000
00000001010000100000
00000000000000000000
00000000000000100000
00000001010000100000
00000000000001000000
00100000010000100000
00000000000000000000
00000000000000000000
00000001010000100000
00000000000100000000
00000001010000100000
00000000010000100000
00000001010000100000
00000000000000000000
00000000000000000000
00000000000000100000
00000000010000100000
00001010000000000010
00000000000000100000
00000000010000100000
00000000000000000000
00000000000000000000
00000000000000000000
00000000000000000000
00000000000000000000
00000000000000000000
00000000000000000000
00000000000000000000
00000000000000000000
00000000000000000000
00000000000000000000
00000000000000000000
00000000010000100000
00000000000001000000
00000000000000000000
00000000010000100000
00000000000000000000
00000000000000000000
00000000000001000000
00000000000000000000
00000000010000100000
00000000000000100000
10000000000100000000
00000000000000000000
00000001010000100000
00000001010000100000
00000000000000000000
00000000000000000000
00000000000000000000
00000000000000000000
00000000000000100000
00000000000000100000
00000000000000000000
00000000000001000000
00000000000000000000
00000000000000000000
00000000000000000000
00000000010000100000
00000000000000000000
00000001010000100000
00000000000000000000
00000000010000100000
00000000000001010000
00000000000000000000
00000001010000100000
00000000000001000000
00000000000000000000
00000000000100000000
00000000010000100000
00000000000000000000
10000000000100000000
00000000000001000000
00000001010000100000
00000001010000100000
00001010000000000010
00001010000000000010
00000000010000100000
00000000010000100000
00000000000000000000
00000001010000100000
00000000010000100000
00000001010000100000
00000000000000000000
10000000000100000000
00000000000000000000
00000000010000100000
00000000000000100000
00000000000000100000
00000000000001000000
00000001010000100000
00000000000000000000
00000000000000000000
00000000000000100000
00000000000001010000
00000000000000000000
00000000010000100000
00000000000000000000
00000000000000000000
00000000010000100000
00000000000000100000
00000000000000000000
00000000000000000000
00000000000000000000
00000001010000100000
00000001010000100000
10000000000100000000
00000000000000000000
00000000000000100000
00000000000000000000
00000000010000100000
00000000010000100000
00000000000100000000
00000000000000100000
00000001010000100000
00000000010000100000
00000000000000100000
00000000000000000000
00000000000000000000
00000000010000100000
00000000010000100000
00000000000000000000
00000001010000100000
00000000000100000000
00000000010000100000
00000000000001000000
00000001010000100000
00000000010000100000
00000000000000000000
00000000010000100000
00000000000001000000
00000000000000000000
00000000000000000000
00000000010000100000
00000000000000000000
00000000000000000000
00000000000000000000
00000000010000100000
00000001010000100000
00000000000000000000
00000000000000000000
00000000000000000000
00000000000001000000
00000001010000100000
00000000000000000000
00000000010000100000
00000000010000100000
00000001010000100000
10000000000100000000
00000000010000100000
00000000000001000000
00000000000000000000
00000000000001000000
00000000000000000000
00000001010000100000
00000000000000000000
00000000000000000000
00000000000000000000
00000000010000100000
00000001010000100000
00000001010000100000
00000000000000000000
00000000000000000000
00000000000000000000
00000000000000000000
00000000000000000000
00000000000100000000
00000000000000000000
00000000000001000000
00000000000001000000
00000000000001010000
00000000000000100000
00000000000000000000
00000000000000000000
00000000000000000000
00000001010000100000
00000000000001000000
00000000000000000000
00000000000000000000
00000000000001000000
00000000000000000000
00000000000001000000
00000000010000100000
00000001010000100000
00000000000000000000
00000001010000100000
00000000000000000000
00000001010000100000
00000000000001000000
00000000000000100000
00000000000000000000
00000000010000100000
00000000000000100000
00000000000001000000
00000001010000100000
00000000000000000000
00000000010000100000
00000000000000000000
00000000010000100000
00000000000000000000
00000000010000100000
00000000000000000000
00000000000010100000
00000000000000000000
00000000010000100000
00000000000000000000
00000000000000100000
00000000010000100000
00000000000000100000
00000000010000100000
00000000000000000000
00000001010000100000
00000000001000000000
00000000000000000000
00000000000000000000
00000000000001000000
00000000010000100000
00000000000100000000
00000000000000000000
00000001010000100000
00000000010000100000
00000000000000000000
00000000000000100000
00000000010000100000
00000000000000000000
00000000010000100000
00000000000000000000
00000000000000000000
00000000000000100000
00000000000000000000
00000000000000000000
00000000010000100000
00000001010000100000
00000000000000000000
00000000000100000000
00000000000000000000
00000001010000100000
00000000000000000000
00000000000000000000
00000000010000100000
00000000000001000000
00000000000000000000
00000000010000100000
00000000000000000000
00000000000000000000
00000000000000000000
00000000000000000000
00000000000000000000
00000000000000100000
00000001010000100000
00000000000000000000
00000000010000100000
00000000000000100000
00000001010000100000
00000000000000100000
00000000000000000000
00000000000100000000
00000000000000000000
00000000000000000000
00000000000000000000
00000000000000100000
00000000000100000000
00000000000010100000
00000000010000100000
00000000010000100000
00000001010000100000
00000000000010100000
00000000000000000000
00000000000000000000
00000000000000000000
00000000000000000000
00000000000000000000
00000000010000100000
00000000000000000000
00000000000000100000
00000000000000000001
00000000000000000000
00000000010000100000
00000000000000000000
00000000000000000000
00000000000000000000
00000000000000000000
00000000010000100000
00000000010000100000
00000000010000100000
00000000000000000000
00000000000000100000
00000001010000100000
00000000000000000000
00000001010000100000
00000000000000000000
00000000010000100000
00000000000001000000
00000000000001000000
00000000000000000000
00000000000100000000
00000000000000100000
00000000010000100000
00000001010000100000
00000000000001000000
00000001010000100000
00000000000100000000
00000000000001000000
00001010000000000010
00000000000000000000
00000000000000000000
00000000000000000000
00000000000000000000
00000000000000000000
00000000000000000000
00000000000000000000
00000001010000100000
00000000000000000000
00000000000000000000
00000000010000100000
00000000000000000000
00000000000000000000
00000000000000000000
00000000000000000000
00000000000000000000
00000000000000100000
00000000000000000000
00000000010000100000
00000000010000100000
00000000010000100000
00000000000000000000
00000000000000100000
00000000010000100000
00000000000000000000
10000000000100000000
00000000010000100000
00000000000000100000
00000001010000100000
00000000000000000000
00000000000001000000
00000000000000000000
00000000000000000000
00000000000000000000
00000000000010100000
00000000010000100000
00000000000000000000
00000000000000000000
00000001010000100000
00000000000000000000
00000000010000100000
00000000010000100000
00000000000000000000
00000000000000000000
00000000000000000000
00000000000000100000
00000000000000000000
00000000010000100000
00000000000000000000
00000001010000100000
00000000000000000000
00000000010000100000
00000000000000000000
00000000000000000000
00000000010000100000
00000001010000100000
00000000000001000000
00000000010000100000
00000001010000100000
00000000000001010000
00000000000001000000
00000000000000000000
00000000000000000000
00000000000001000000
00000000000001000000
00000000000000000000
00000000000000000000
00000000010000100000
00000000000000000000
00000000010000100000
00000000010000100000
00000001010000100000
00000000000000000000
00000000010000100000
00000000000001000000
00000000000000000000
00000000000001000000
00000000000001000000
00000000010000100000
00000000000001000000
00000000000100000000
00000000000000000000
00000000000000000000
00000000000000000000
00000000000000000000
00000000000000000000
00000000000001000000
00000000000000000000
00000000010000100000
00000000010000100000
00000000010000100000
00000000000000000000
00000000000000000000
00000001010000100000
00000000000100000000
00000000000000100000
00000000000000100000
00000000010000100000
00000000000000000000
00000000000000000000
00000000000001010000
00000000000000000000
00000000000000000000
00000000000001000000
00000000000000100000
00000001010000100000
00000000000000000000
00000000010000100000
10000000000100000000
00000000000000000000
00000000000000000000
00000000010000100000
00000000010000100000
00000000010000100000
00000000000100000000
00000001010000100000
00000001010000100000
00000000000000100000
00000000000000000000
00000000000000000000
10000000000100000000
00000000000000000000
00000000000000000000
00000000000000000000
00000000000000100000
00000000000001000000
00000000000000000000
00000000000000000000
00000001010000100000
00000000010000100000
00100000010000100000
00000000000000000000
00000001010000100000
00000000000010100000
00000001010000100000
00000000000001000000
00000000000001000000
00000001010000100000
00000000000100000000
00000000000000000000
00000000000000000000
00000000000000100000
00000000000000000000
00000000000000000000
00000000000000100000
00000000000000000000
00000000010000100000
00000000000000000000
00000000000000000000
00000000010000100000
00000000010000100000
00000001010000100000
00000000010000100000
00000000000000000000
10000000000100000000
00000000000000100000
00000000000000100000
00000000010000100000
00000001010000100000
00000001010000100000
00000000000001000000
00000000000000000000
00000000010000100000
00000000000000000000
00000001010000100000
00000000000000100000
00000000010000100000
00000000000000100000
00000000000000000000
00000000000001000000
00000000000000000000
00000000000001000000
00000000010000100000
00000000000001000000
00000001010000100000
00000000000001000000
00000000000000000000
00000000000000000000
00000001010000100000
00000000000000000000
00000000000000100000
00000000000000000000
00000000000000000000
00000000000000000000
00000000010000100000
00000000000000000000
00000000000000000000
00000000010000100000
00000000000001000000
00000000000000000000
00000000000000100000
00000000000000000000
00000000000000000000
00000100000000000000
00000000000000000000
10000000000100001000
00000000010000100000
00000000000000000000
00000000000000000000
00010000010000100100
00000000000001000000
00000001010000100000
00000000000000000000
00000000000000000001
00000001010000100000
00000000000000000000
00000000000001000000
00000000000000000000
00000000000001000000
00000000000000100000
00000000000000000000
00000000000000000000
00000000000000000000
00000000000010100000
00000000010000100000
00000000000000000000
00000000000001000000
00000000010000100000
00000000000000100000
00000001010000100000
00000000010000100000
00000000000000000000
00000000010000100000
00000000010000100000
00000001010000100000
00000000000000000000
00000000000000000000
00000000010000100000
00000000000000000000
00000000000000000000
00000000000000000000
00000000000001000000
00000000010000100000
00000000000001000000
00000000000000000000
00000000000000000000
00000000000000000000
00000001010000100000
00000000000001000000
00000000000000100000
00000000000001000000
00000000000000000000
00000000000000000000
00000000000000100000
10000000000100001000
00000000000000000000
00000000000000000000
00000000000000000000
00000000010000100000
00000000000001000000
00000000000000000000
00000000000001000000
00000000000000000000
00000000000001000000
00000000010000100000
00000000000000000000
00000000000000000000
00000000000000000000
00000001010000100000
00000000000100000000
00000000000001000000
00000000000000000000
00000000000001000000
00000000000000000000
00000000010000100000
00000000000001000000
00000000000000000000
00000001010000100000
00000000000000000000
00000000000000000000
00000000000000000000
00000000000000000000
00000001010000100000
00000000000000000000
00000000010000100000
00000000000000000000
00000000000001010000
00000001010000100000
00000001010000100000
00000000010000100000
00000000010000100000
00000000000000000000
00000000000000100000
00000000010000100000
00000000000000000000
00000000000000000000
00000000000001000000
00000000000000000000
00000000000000000000
00000000000001000000
00000000000000000000
00000000000000000000
00000000000000000000
00000000000000000000
10000000000100000000
00000000000000000000
