/Users/laurenmak/Programs/msdir/ms 100 1 -s 20 -t 0.000001 
10013 45838 41068

//
prob: 3.01973e-124
segsites: 20
positions: 0.0720 0.0743 0.1521 0.1706 0.2087 0.2719 0.3210 0.3958 0.5140 0.5621 0.5777 0.5879 0.5923 0.6544 0.6949 0.8416 0.8499 0.8768 0.9560 0.9825 
00000000100000001010
10000100001000001011
00000000000000000000
10000100001000001011
00000000100000001010
00000000000000000000
00000000000000000000
00000000100000001010
00000000000001000000
00000000000000000000
00000000100000001010
00000000010010001000
00000000100000001010
00000000000000000000
00000000000000101100
00110000000000010000
00000000000001000000
10000000001000001011
00000000000001000000
00000000000000000000
00000000100000001010
00000000000000000000
01000000000010001000
00000000000000000000
10000000001000001011
00000000000000000000
00000000000001000000
00000000100000001010
00000000100000001010
00000000000000000000
00000000000000000000
00000000100000001010
00000000100000001010
00000000000010001000
00000000100000001010
00000000000100000000
00000000000000000000
00000000000000000000
00000000100000001010
00000000000000000000
00000000000000000000
00000000100000001010
00001000000010001000
00000000000000000000
00000000000000000000
00000001000000000000
00110000000000010000
00000000000010001000
00000000000010001000
10000000001000001011
00000000000000000000
00000000000001000000
00000000100000001010
00000000001000001011
00000000001000001011
00000000000000000000
00000000100000001010
00000000000001000000
00110000000000010000
00000000000010001000
00000000000010001000
10000000001000001011
00110000000000010000
00110000000000010000
00000010100000001010
00110000000000010000
00000000000000000000
00000010100000001010
10000000001000001011
00000000000000000000
10000000001000001011
00000000000010001000
00000000100000001010
00110000000000010000
00000000100000001010
00000000000000000000
00110000000000010000
00000000000010001000
00000010100000001010
00000000000000000000
00000000000010001000
00000000100000001010
00000000100000001010
10000100001000001011
00110000000000010000
00000000000001000000
10000000001000001011
00000000000000000000
00000000000000000000
00000000001000001011
00000000000000000000
00000000100000001010
01000000000010001000
00000000000000000000
00000000000000000000
00000000000000000000
00000000100000001010
00000000001000001011
00110000000000010000
00000000000000000000
