/Users/laurenmak/Programs/msdir/ms 1000 1 -s 20 
45943 54029 49515

//
segsites: 20
positions: 0.0555 0.1869 0.2394 0.3800 0.4199 0.4647 0.4725 0.5075 0.5880 0.6100 0.6505 0.6582 0.6693 0.7855 0.7998 0.8510 0.8656 0.8992 0.9149 0.9746 
00000000000000000000
00000000000000000000
00010000000000000000
00010000000000000000
00010000000000000000
00010000000000000000
00000100000000000000
00000000000000000000
00000000000000000000
00000100000000000000
00010000000000000000
00000000000000000000
00000000000000000000
00010000000000000000
00000000000000000000
00000000000000000000
00000000000000000000
00010000000000000000
00010000000000000000
00010000000000000000
00000001000000000000
00010000000000000000
00010000000000000000
10100010000000000001
00010000000000000000
00010000000000000000
00010000000000000000
00000000000000000000
00010000000000000000
00000100000000000000
00000000000000000000
00000000000000000000
00010000000000000000
00010000000000000000
00000000000000100000
00010000000000000000
00000000000000000000
10100010000000000001
00000100000001000000
00010000000000000000
00000000000000000000
00000000000000000000
00010000000000000000
00000000000000000000
00000001000000000000
00010000000000000000
00000000000000000000
00010000000000000000
00010000000000000000
00000000000000000000
00010000000000000010
00010000000000000010
00010000000000000000
00000000000000000000
00010000000000000000
00010000000000000000
00010000000000000000
00000000000000000000
00010000000000000000
00000000000000000000
00010000000000000000
00000000000000000000
00010000000000000000
00000000000000000000
00000100000000000000
00000000000000000000
00000000000000000000
00010000000000000000
00010000000000000000
00000000000000000000
00010000000000000000
00010000000000000000
00000000000000000000
00010000000000000000
00010000000000000000
00010000000000000000
00010000000000000000
00010000000000000000
00010000000000000000
00000000000000000000
00010000000000000000
00010000000000000000
00000000000000000000
00010000000000000000
00000000000000000000
00000000000000000000
00000000000000000000
00000000000000000000
00000000000000000000
00010000000000000000
00010000000000000000
00010000000000000000
00010000000000000000
00000000000000000000
00000000000000000000
00000100000000000000
00010000000000000000
10000000000000000000
00010000000000000000
00000000000000000000
00010000000000000010
00010000000000000000
00010000000000000010
00000000000000000000
00000000000000000000
00010000000000000000
00000000000000100000
00010000000000000000
00010000000000000000
00010000000000000000
00010000000000000000
00010000000000000000
00000100000001000000
00000100000000000000
00000000000000100000
00010000000000000000
00010000000000000000
00010000000100000000
00000100000000000000
00000000000000000000
00000000000000000000
00000000000000000000
00010000000000000000
00000000000000000000
00010000000000000000
00000000000000000000
00000001000000000000
00000000000000000000
00010000000000000000
00010000000000000000
00000100000000000000
00000000000000000000
00010000000000000000
00000000000000000000
00000100000000000000
00000000000000000000
00000000000000000000
00010000000000000000
00000000000000100000
00000000000000000000
00010000000000000000
00000000000000000000
00000000000000000000
00000000000000000000
00010000000000000000
00000000000000000000
00010000000000000000
00010000000000000000
00000100000000000000
00010000000000000000
00000000000000000000
00000000000000000000
00000000000000000000
00000000000000000000
00010000000000000000
00000000000000000000
00010000000000000000
00000000000000000000
00010000000000000000
10000000000000000000
00010000000000000000
00010000000000000000
00010000000000000000
00000100000000000100
00010000000000000000
00000000000000000000
00000000000000100000
00000000000000001000
00000000000000000000
00010000000000000000
00000000000000000000
00000000000000000000
00010000000000000000
00000100000000000000
00000100000000000100
00010000000000000000
00000100000000000000
00010000000000000000
00010000000000000000
00000000000000000000
00010000000000000000
10000000000000000000
00000000000000000000
00010000000000000000
00010000000100000000
00010000000000000000
00010000000000000000
00000000000000000000
00010000000000000000
00000100000001000000
00000000000000000000
00000100000000000100
00010000000000000000
00000000000000000000
00010000000000000000
00010000000000000000
00000000000000000000
00010000000000000000
00010000000000000000
00000100000000000100
00000000000000000000
00000000000000000000
10000000000000000000
00000000000000000000
00010000000000000000
00000000000000000000
00010000000000000000
00000000000000000000
00000000000000000000
00000100000000000000
00000000000000000000
00000000000000000000
00000000000000000000
00000000000000000000
00000000000000000000
00010000000000000000
00010000000000000000
00000000000000000000
00000000000000000000
00000000000000000000
00010000000000000000
00010000000000000000
00000000000000000000
00010000000000000000
00000000000000000000
00010000000000000000
00000100000000000000
00000000000000000000
00000000000000000000
00000000000000000000
00000000000000000000
00010000000000000000
00000100000001000000
00010000000000000000
00000000000000000000
00000000000000000000
00000000001000000000
00000000000000000000
00010000000000000000
00000000000000000000
00010000000000000000
00010000000000000000
00000000000000000000
00000000000000000000
00010000000000000000
00000000000000000000
00000000000000000000
00010000000000000000
00010000000000000000
00010000000000000000
00000000000000000000
00000000000000000000
00010000000000000000
10100010000000000001
00010000000000000000
00000000000000000000
10100010000000000001
00000000000000000000
00000000000000000000
00010000000000000000
00010000000000000000
00000000010000010000
00010000000000000000
00000000000000000000
00000000000000000000
00010000000000000000
00010000000000000000
00000000000000000000
00000000000000000000
00000000000000000000
00010000000000000000
00000000000000000000
00000100000000000000
00010000000000000000
00010000000000000000
00000000010000010000
00000000000000000000
00000000000000000000
00000000000000000000
00000000000000000000
00000000000000000000
00010000000000000000
00000000000000000000
00010000000000000000
00010000000000000000
00000000000000000000
00010000000000000000
00010000000000000000
00010000000000000000
00010000000000000000
00010000000000000000
00010000000000000000
00000100000000000000
00010000000000000000
00000000000000000000
00000000000000000000
00000000000000000000
00000000000000100000
00000000000000000000
00010000000000000000
00000100000001000000
10000000000000000000
00010000000000000000
00010000000000000000
00010000000000000000
00010000000000000000
00000000000000000000
00000000000000000000
00000000000000000000
00000100000000000000
00000000000000000000
10000000000000000000
00010000000000000000
00010000000000000000
00000000000000100000
00000000000000000000
00000000000000000000
00010000000000000000
00000000000000000000
00010000000000000000
00010000000000000010
00010000000000000000
00010000000000000000
00000000000000000000
00010000000000000000
00010000000000000000
00000000000000000000
00010000000000000000
10000000000000000000
00010000000000000000
00010000000000000000
00000000000000001000
00000000000000000000
00000000000000000000
00010000000010000000
00010000000000000000
00000000000000000000
10000000000000000000
00000100000000000100
00010000000000000000
00010000000000000000
00000000000000000000
00000000000000000000
00010000000000000000
00000000000000100000
00000000000000000000
00010000000000000000
00000000000000000000
10000000000000000000
01000000000000000000
00010000000000000000
00000000000000001000
00000000000000000000
00000000000000000000
00000000000000001000
00010000000000000000
00010000000000000000
10000000000000000000
00000000000000000000
00000100000000000000
00000000000000000000
00000000000000000000
00000000000000000000
00010000000000000010
00000000000000000000
00000000000000000000
00010000000000000000
00000000000000000000
00000100000000000000
00000100000000000000
00010000000000000000
00000000000000000000
00000000000000000000
00000000000000000000
00010000000000000000
00010000000000000000
00010000000000000000
00000000000000000000
00010000000000000000
00000000000000000000
10000000000000000000
00000000000000000000
10000000000000000000
00000000000000000000
10000000000000000000
00010000000000000000
00010000000000000000
00010000000000000000
00000000000000000000
00010000000000000000
00000000000000000000
00000000000000000000
00010000000000000000
00010000000000000000
00000000000000000000
00010000000000000000
00000100000000000000
00000100000000000000
00000000000000000000
00000000000000000000
00000000000000000000
00010000000000000000
00000000000000000000
00000000000000000000
00000000000000000000
00010000000000000000
00000000000000000000
00010000000000000000
00010000000000000000
00000000000000000000
00000000000000000000
00010000000000000000
00000000000000000000
00010000000000000000
00010000000000000000
00000000000000000000
00010000000000000000
00010000000000000000
00000000000000000000
00010000000000000000
00010000000000000000
00000100000000000000
00000000000000000000
00000000000000000000
00000000000000000000
00000000000000000000
00000000000000000000
00010000000000000000
00000000000000000000
00010000000000000000
00000000000000000000
00010000000000000000
00000100000000000000
00010000000000000000
00000000000000000000
00010000000000000000
00000000000000000000
00000000000000000000
00000100000000000000
00010000000000000000
00010000000000000000
00010000000000000000
00010000000000000000
10100010000000000001
00010000000000000000
00000000000000000000
00010000000000000000
00000000000000000000
00000000000000000000
00010000000000000000
00000000000000000000
00000000000000000000
00010000000000000000
00010000000000000000
00010000000000000000
00010000000000000000
00000000000000000000
00010000000000000000
00000000000000000000
00000000000000000000
00000100000000000000
00010000000000000000
00010000000000000000
00010000000000000000
01000000000000000000
00000000000000000000
00000100000000000000
00010000000000000000
00010000000000000000
00000100000000000000
00000000000000000000
00010000000000000000
00000000000000000000
00000000000000000000
00010000000000000000
00000000000000000000
00010000000000000000
00000000000000000000
00000000000000000000
00010000000000000000
00000000000000000000
00010000000000000000
00010000000000000000
00010000000000000000
00000000000000000000
00010000000000000000
00010000000000000000
00010000000000000000
00000000000000000000
00010000000000000000
00000000000000000000
00000000000000000000
00010000000000000000
01000000000000000000
00010000000000000000
00000000000000000000
00010000000000000000
00010000000000000000
00000000000000000000
00000000000000000000
00000000000000000000
00000000000000000000
00000000000000000000
00000000000000000000
00000000000000000000
00010000000000000000
00010000000000000000
00010000000000000000
00010000000000000000
00000000000000000000
00010000000000000000
00010000000000000000
00000001000000000000
00010000000000000000
00000000000000000000
00000001000000000000
00000100000000000100
00000000000000000000
10000000000000000000
00010000000000000000
00000000000000000000
00000000000000000000
00010000000000000000
00000000000000000000
00000000000000000000
00000000000000100000
00010000000000000000
00000001000000000000
00000100000000000000
00000000000000000000
00010000000000000000
00010000000000000000
00000000000000000000
00000000000000000000
00000100000000000000
00000000010000010000
01000000000000000000
00010000000000000000
00010000000000000000
00010000000000000000
10000000000000000000
00000000000000000000
00010000000000000000
00000000000000000000
00000000000000000000
00000000000000000000
00000000000000000000
00000000000000000000
00000000000000000000
00000000000000000000
00000000000000000000
00010000000000000000
00010000000000000000
00000000100000000000
00000000000000000000
00000000000000000000
00010000000000000000
00000000000000000000
00000000000000000000
00010000000000000000
00010000000000000000
00000000000000000000
00000000000000000000
00000000000000000000
00010000000000000000
00000000000000000000
00000100000000000100
00010000000000000000
00010000000000000000
00000000000000000000
00000000000000000000
00010000000000000000
00010000000000000000
10100010000000000001
00000001000000000000
00010000000000000000
00000100000000000000
00000000000000000000
00000000000000000000
00000000000000000000
00000100000000000000
00010000000000000000
00000000000000000000
00000000000000000000
00010000000000000000
00000000000000000000
00000000000000000000
00000000000000000000
00000000000000000000
00000000000000000000
00010000000000000000
00010000000000000000
00010000000000000000
00010000000000000000
00010000000000000000
00000000000000000000
00010000000000000000
00000000000000000000
00010000000000000000
00000000000000000000
00010000000000000000
00000000000000000000
00000000000000000000
00010000000000000000
00000000000000000000
00000000000000000000
00010000000000000000
00000000000000000000
00010000000000000000
00000000000000000000
00010000000000000000
00010000000000000000
00010000000000000000
00000000000000000000
00010000000000000000
00000000000000000000
00000000000000000000
00010000000000000000
00010000000000000000
00010000000000000000
00010000000000000000
00010000000000000000
00010000000000000000
00000000000000000000
00001000000000000000
00010000000000000000
00000100000000000000
00010000000000000000
00000000000000000000
00000000000000000000
00010000000000000000
00000000000000000000
00000000000000000000
00010000000000000000
00000000000000000000
00000001000000000000
00010000000000000000
00010000000000000000
00000000000000000000
00000000000000000000
00000000000000000000
00000000000000000000
00000000000000100000
00000000000000000000
00010000000000000000
00000000000000000000
00000000000000000000
10000000000000000000
00000000000000000000
00000000000000000000
00000100000000000000
00010000000000000000
00010000000000000000
00000000000000000000
10000000000000000000
10000000000000000000
00000000000000000000
00010000000000000000
00010000000000000000
00010000000000000000
00010000000000000000
00010000000000000000
00000000000000000000
00000001000000000000
00010000000000000000
00010000000000000000
00000000000000000000
00000000000000000000
00000000000000000000
00000000000000000000
00000100000000000100
00010000000000000000
00010000000000000000
00010000000000000000
00010000000000000000
00010000000000000000
01000000000000000000
00010000000000000000
00010000000000000000
01000000000000000000
00000100000000000000
00000000000000000000
00010000000000000000
00010000000000000000
10000000000000000000
00000000000000100000
00000000000000000000
00000100000000000000
00000000000000000000
00000000000000000000
10000000000000000000
00000000000000000000
00000000000000000000
00000000000000000000
00010000000000000000
00000000000000000000
00010000000000000000
00010000000000000000
00000000000000000000
00000000000000100000
00000000000000000000
00010000000000000000
00000000000000000000
00000000000000000000
00010000000000000000
00000000000000000000
00010000000000000000
00010000000000000000
00010000000000000000
00010000000000000000
00000000000000000000
10000000000000000000
00010000000000000000
00010000000000000000
00000000000000000000
00000000000000000000
00000000000000000000
00010000000000000000
00000001000000000000
00010000000000000000
00010000000000000000
00010000000000000000
00000000000000000000
00010000000000000000
00010000000000000000
00000000000000000000
00000000000000000000
00010000000000000000
00010000000000000000
00010000000000000000
00000001000000000000
00000000000000000000
00000100000000000000
00010000000000000000
00000000000000000000
00000000000000000000
00000000000000000000
00010000000000000000
00000000000000000000
00000000000000000000
00010000000000000000
00000000000000000000
00010000000000000000
00000000000000000000
00000000000000000000
00000000000000000000
00010000000000000000
00000000000000000000
10000000000000000000
00000000000000000000
00000000001000000000
00010000000000000000
00010000000000000000
01000000000000000000
00010000000000000000
00000000000000000000
00010000000000000000
00000000000000000000
00000000000000000000
00000000000000000000
00010000000000000000
00010000000000000000
00000100000000000000
00010000000000000000
00010000000000000010
00010000000000000000
00010000000000000000
00000000000000000000
00010000000000000000
00010000000000000000
00000100000000000000
00010000000000000000
00000000000000000000
00010000000000000000
00000000000000000000
00000000000000000000
00010000000000000000
00010000000000000000
00010000000000000000
00010000000000000000
00010000000000000000
00000100000000000000
01000000000000000000
00010000000000000000
00000000000000000000
00010000000000000000
00000000000000000000
00000100000000000000
00010000000000000000
00010000000000000000
00010000000000000000
00000000000000000000
00010000000000000000
00010000000000000000
00010000000000000000
00010000000000000000
00010000000000000000
00000000000000000000
00010000000000000000
00000000000000000000
00010000000000000000
00010000000000000000
00010000000000000000
00000000000000000000
10000000000000000000
00010000000000000000
10000000000000000000
00010000000000000000
00010000000000000000
00010000000000000000
00000000000000000000
00000000000000000000
00010000000000000000
00010000000000000000
00000000000000000000
00000000000000000000
10100010000000000001
00000000000000000000
00000000000000000000
00000001000000000000
00010000000100000000
00000100000001000000
00000000000000000000
01000000000000000000
00010000000000000000
00010000000000000000
00000000000000000000
00000000000000000000
10000000000000000000
00010000000000000000
00000000000000000000
00000100000000000000
00000000000000000000
00000000000000000000
00000000000000000000
00010000000000000000
00000000000000000000
00000000000000000000
00010000000000000000
00000000000000000000
00010000000000000000
00010000000000000000
00000000000000000000
00000100000000000000
00010000000000000000
00000000000000000000
00000000000000000000
00000000000000000000
10000000000000000000
00010000000000000000
00000000000000000000
10100010000000000001
00000100000001000000
00000000000000000000
00010000000000000000
00010000000000000000
00010000000000000000
00000000000000000000
00010000000000000000
00000100000000000000
00000000000000000000
00010000000000000000
00010000000000000000
00000000000000000000
00000000000000000000
00010000000000000000
00000000000000000000
00010000000000000000
00000000000000000000
00000000000000000000
00000000000000000000
00010000000000000000
00010000000000000000
00010000000000000000
00000000000000000000
00000000000000000000
00010000000000000000
00000000000000000000
00010000000000000000
00010000000000000000
00010000000000000000
00000000000000000000
00010000000000000000
00000000000000000000
00000100000000000000
00000000000000100000
00000000000000000000
00000100000001000000
10100010000000000001
00000000000000000000
00010000000000000000
00000000000000000000
00010000000000000000
00010000000000000000
00010000000000000000
00000000000000000000
00010000000000000000
00010000000000000000
00000000000000000000
00010000000000000000
00000000100000000000
00000000000000000000
00010000000000000000
00000000000000000000
00010000000000000000
10000000000000000000
00000100000000000000
00000100000000000000
00010000000000000000
00010000000000000000
00010000000000000000
00000000000000000000
00010000000000000000
00010000000000000000
00000000010000010000
00000000000000000000
00000000000000000000
00010000000000000000
00010000000000000000
00000000000000000000
00000100000000000000
00000000000000000000
00000000000000000000
00000100000000000000
00000100000000000000
00010000000000000000
00010000000000000000
00010000000000000000
00010000000000000000
00010000000000000000
00010000000000000000
00010000000000000000
00010000000000000000
00000000000000000000
10000000000000000000
00000000000000000000
00010000000000000000
00000000000000001000
00000000000000000000
00010000000000000000
00000100000000000100
00000001000000000000
00010000000000000000
00000000000000000000
10100010000000000001
00000000000000000000
00000000000000000000
00000000000000000000
00010000000000000010
00010000000000000000
00010000000000000000
10000000000000000000
00010000000000000000
10000000000000000000
00000000000000000000
00010000000000000000
00010000000000000000
00010000000000000000
00010000000000000000
00010000000000000000
00000000000000100000
00000000000000000000
00010000000000000000
00010000000000000000
00010000000000000000
00010000000000000000
00010000000000000000
00010000000000000000
00000000000000000000
00000000000000000000
00010000000000000000
00010000000000000000
00010000000000000000
00010000000000000000
00010000000000000000
00000000000000000000
00010000000000000000
10100010000000000001
00010000000000000000
00000000000000000000
00010000000000000000
00010000000000000000
00000000000000000000
00000100000000000000
00000000000000000000
00010000000000000000
00010000000000000000
10000000000000000000
00010000000000000000
00000000000000000000
00010000000000000000
00010000000000000000
00000000000000000000
00010000000000000000
00010000000000000000
00000000000000000000
00000000000000000000
00010000000000000000
01000000000000000000
00010000000000000000
