/Users/laurenmak/Programs/msdir/ms 100 1 -s 20 -t 0.000001 
53433 58706 2210

//
prob: 6.34762e-128
segsites: 20
positions: 0.0149 0.0186 0.0699 0.1348 0.2629 0.3187 0.3410 0.3593 0.4045 0.4934 0.5311 0.5861 0.6468 0.6921 0.7199 0.7294 0.7692 0.8449 0.9199 0.9354 
00000000010000000100
00000110000000010001
00000000010000000100
00000000000100100001
00000110000000010001
00000000010000000100
00000000010000000100
00000000001000000011
00000000000000000011
00000000010000000100
00000000000000000001
00000000000000000011
00000000010000000100
00000110000000010001
00000000010000000100
00000000010000000100
00000000010000000100
00000000010000000100
00000000001000000011
00000000000000000001
00000000000000000011
00000010000000010001
01000000000001000001
00000000000000000001
00000000010000000100
00000000010000000100
00000000000000000001
00000001010000000100
00000000000100100001
00000000000000100001
00000000000000000001
00000110000000010001
00000000000000000001
00000000000000100001
00000000000000000001
00000000010000000100
00000000000000100001
00000000010000000100
00000010000000010001
00000000000000000001
00000000010000000100
00000000010000000100
00100000010000000100
00000000010000000100
00000000000000000001
00000110000000010001
00000000010000000100
00000001010000000100
00000000001000000011
00000000100100100001
00000000000000000001
00000000000100100001
00000110000000010001
00000000010000001100
00000000010000000100
00000000000000100001
00000000000000000001
00000000000000000011
00000000010000000100
00000000000000100001
00000000000000000001
00000000010000000100
00000000010000000100
00000000000000000001
10000000010010000100
00000000010000000100
00000000010000000100
00000000000100100001
00000000000000000001
00000000010000000100
00000000000000000001
00000000010000000100
00000000010000000100
00000000010000000100
00001000010000000100
00010000010000000100
00000000000000000011
00000000000000000001
00000000010000000100
00000000000000000001
00000000000100100001
00000000000000000001
00000000010000000100
00000000000000000001
00000000000000000001
00000000010000001100
00000000000000000011
00000000000000100001
00000000000100100001
00000000010000000100
00000000010000000100
00000000000100100001
00000000000000000001
00000000000000100001
00000000000000000001
00000000000000000001
00000000010000000100
00000000000100100001
00000001010000000100
00000000010000000100
