/Users/laurenmak/Programs/msdir/ms 100 1 -s 20 -t 0.000001 
51882 21437 44062

//
prob: 6.88642e-125
segsites: 20
positions: 0.0269 0.0990 0.1406 0.1849 0.1914 0.3421 0.3444 0.3451 0.3505 0.5133 0.6786 0.6891 0.7076 0.7239 0.7564 0.8222 0.8968 0.9170 0.9721 0.9836 
00001000000100000000
00001000000100000000
00001000000100000000
00000100000001000100
00000100010001000100
00000000000001000100
00000100000001000100
00000101000001000100
00000100010001000100
00000100000001000100
00001000000100000000
00000010000001100100
00001000100100000000
00000100000001010100
00001000000100000000
00001000000100000000
00001000000100000000
00000100000001000100
00001000000100000000
00000000000001000100
00000010000001100100
00001000000100000000
11010000000000000000
00001000000100000000
11010000001000000000
00000010000001100100
00001000000100000000
00000010000001100100
00100100000001000100
00001000000100000000
00000100000001000100
00000010000001100100
11010000001000000000
00000100000001000100
11010000000000000000
00001000000100000000
00001000000100000000
00001000000100000000
00001000000100000000
00001000000100000000
00001000000100000000
00000010000001100100
00001000000100000010
00000100000001000100
00000100000001000101
00001000000100000000
00001000000100000000
00000000000001000100
00000100000001000100
00000100000001000100
00000100000001000100
00000100000001000100
00001000000100000000
00001000000100000000
00100100000001000100
00000010000001100100
00001000000100000000
00001000000100000000
00001000000100000000
00001000000100000000
00000100000001000101
00000000000001000100
00000010000001100100
00001000000100000000
00001000000110000010
00001000000100000000
00001000000100000000
00001000000100000000
00000000000001000100
00001000000100000000
00000100000001000100
00000100000001000100
00001000000100000000
11010000001000000000
00000100000001000100
00001000000100000000
00001000000100000000
00001000000100000000
00001000000100000010
00001000000100000000
00001000000100000000
00000000000001001100
00000100000001000100
00001000000100000000
00000000000001001100
11010000000000000000
00001000000100000010
00001000100100000000
00000100000001000100
00001000000100000000
00001000100100000000
00001000000100000000
00001000000100000000
00001000000100000000
00001000000100000000
00000100000001000101
00001000000100000000
00000000000001000100
00000100000001000100
00000010000001100100
