/Users/laurenmak/Programs/msdir/ms 100 1 -s 20 -t 0.000001 
57707 13396 43883

//
prob: 2.17842e-125
segsites: 20
positions: 0.0955 0.1119 0.1728 0.1991 0.2707 0.2797 0.3159 0.4264 0.5285 0.5943 0.7371 0.7891 0.7904 0.7944 0.8228 0.8346 0.8518 0.8776 0.9352 0.9702 
10001000011001000001
00100100000100001110
00100100000100001110
00100100000100001110
00100100000100011110
00000000011001000001
10001000011001000001
00100100000100011110
00000000011001000001
00100100000100001110
00100100000100001110
00110100000100001110
00110100000100101110
00000000011001000001
00110100000100101110
10000000011011000001
00100100000100011110
00100100000100011110
00100100000100001110
00100100000100011110
00100100000100001110
00100100000100001110
00100100000100001110
00100100000100001110
00100100000100001110
00000000011001000001
10000000011001000001
00000000011001000001
00100100000100001110
00100100000100001110
00110100000100001110
00110100000100001110
10001000011001000001
00110100000100101110
00110100000100001110
00100100000100001110
00100100000100001110
00000000011001000001
00100100000100001110
10001000011001000001
00100100000100011110
10001000011001000001
00000000011001000001
00110100000100001110
11001001011001000001
10000000011001000001
00100100000100001110
00110100000100101110
00100100000100001110
00100100000100001110
10001000011001000001
00100100000100001110
10001000011001000001
00110100000100101110
00000000011001000001
00100100000100001110
00110100000100001110
00000000011001000001
00000000011001000001
10000000011011000001
00100100000100001110
10000000011001000001
00100110000000001110
00100100000100011110
00100100000100001110
00110100000100001110
10001000011001000001
00100100000100001110
00100100000100011110
10001000011001000001
00100110000000001110
10001000011001000001
10001001011001000001
00000000011001000001
00100100000100001110
10001000011001000001
00100100000100001110
10001000011001000001
10001000011001000001
10001000011001000001
00100100000100001110
10001000011001000001
10000000011011000001
10000000011001000001
10001000011001000001
00000000011001000001
10000000011011000001
00100100000100001110
00100110000000001110
00000000011001000001
10001000011001000001
00000000011001000001
00000000011001000001
11001001011001000001
10001000011001000001
00000000011001000001
00100110000000001110
00000000011001000001
10001000111001000001
00100100000100001110
